   1.0576448e+01   1.9109528e-01   9.0205248e-01
   1.3280756e+01   8.1991939e-01   1.5439033e+00
   1.2858129e+01   1.4388971e+00   8.4946730e-01
   1.3936242e+01   4.8845752e-01   8.3633132e-01
   1.2251565e+01   9.0207684e-01   9.8363654e-01
   7.7705596e+00   9.6853986e-01   2.2343403e-01
   8.9871558e+00   9.8719911e-01   5.9725435e-01
   1.1364387e+01   1.0324348e+00   1.2184116e+00
   1.4050135e+01   6.9120543e-01   1.0854352e+00
   1.3714738e+01   7.8259410e-01   1.4456504e+00
